9 10
1550121 6204862 9843967 6964455 6619138 2690754 3219513 8171337 2183499 5549873
3542337 6661387 9397647 4901013 1413076 918417 9868000 4422012 6195703 5305826
3812237 405415 2655084 4155352 737182 1719005 3757879 1574563 826713 3005404
6576565 4244054 2713672 9276940 4679390 7700005 2067050 4546349 6002772 1999375
6951131 2980885 7972790 8167054 2070269 3690994 3766215 4461155 3698323 6408310
5196011 7981393 1995718 6749356 5757101 2801501 7756450 4998216 481212 6323508
3640854 1432076 3325162 6070405 1459320 9570916 2439852 7043779 4563967 7840659
7867676 3043620 2584263 9822164 54266 8847908 6989008 2645922 5753511 1600451
7453695 3895583 182440 7791995 7552028 5390129 985129 7051435 3412691 7160624
