23 10
22413694 6211522 11084038 19225090 17516869 10914975 14161226 9096124 8320457 20162052
8070329 19776374 8642303 2711844 20115276 9037430 15892770 23577781 9735069 22364358
22345168 20829299 135662 2972337 16061003 9836638 1951395 15543689 6412218 9135799
17710787 1140644 3753733 5863687 20774843 23591770 10993339 7581145 16153691 10070256
19705936 9957691 21140375 3898193 6103639 22250561 2197255 15373913 12147021 24428482
16249127 14611528 10782990 1178969 21036248 11601292 9323613 23869157 8021789 931415
23273505 14882441 21955533 11767836 2824866 14623085 16068714 14138775 8459472 4145003
5319423 1212518 5479738 5696283 5651686 5335853 4422649 4522719 3170798 4276075
5347249 887650 261003 2297086 5010432 6405655 2131579 965220 4280734 3856201
1287072 5784396 21804216 11288534 11585139 15690861 24574577 13939670 22369202 8647571
13096055 7057155 5507781 3031682 11376936 16880976 552954 7510384 19647196 15175762
14981157 19715251 15031250 7260292 11200605 1345417 11313945 1509828 6174205 2198098
23626408 1462292 18824036 687248 15491694 22029146 13420534 21449390 8265570 5043552
14668440 20941129 13791228 4845652 20870839 20503770 10947962 21157385 18019010 24320108
19392413 1531189 22282604 6854885 13832937 7293169 14775851 18831714 11791912 14964092
1061692 209698 17728744 20863736 24376033 18798986 20260088 17072107 11133392 10037729
21135023 8186624 4012254 6079956 230630 14246148 22441106 22487347 5565624 11850985
6838394 4305202 473417 19833734 18411050 17063081 16168700 16930814 9733561 11300117
8625724 4483123 24291138 11482388 18861236 11343395 8917348 14093165 4401111 8361611
9272131 11738246 13221529 15542070 3547013 3138796 12091315 1058385 17571861 816335
11853045 10604527 4299299 4998658 22420842 15956293 17595937 12009663 15082828 15928622
12083208 19960034 10072851 23420711 8895505 4889321 22554445 22855060 2255037 9816250
1696265 9325882 7726158 13480080 13586654 5842563 12866123 966078 15388005 12034045
