500 145
827278786 86852602
322411566 977582951
734566604 59527643
678169020 208083226
763360153 686791356
962382833 250901627
298461521 840133481
745492551 782667251
758057589 903794418
700378453 840065920
299917486 724188483
127369701 728651395
977379142 76436343
274331104 908168353
617911106 239574784
915926029 349983106
402420590 518583689
694875575 395923083
539421181 92710822
432362784 104351142
178189105 160839282
279602586 139448905
479215719 47194790
936065770 962107232
70436124 853629054
822606416 805641932
668944259 895144114
711812538 700206668
806896298 232324311
399976373 329834698
370108658 78671812
802197840 976798133
776127997 503227677
791340438 849786436
170944135 724152430
682370806 6934579
741713270 126627544
530128104 316304123
628522075 888958875
458083640 213160981
564488253 161186206
663893127 131323972
506451620 418126509
855554117 389922288
217891870 879161582
947096668 567641764
812926343 487740701
613902169 192672401
881596031 583815817
301455704 660723212
779518005 946162454
735890314 59770179
564272882 213639341
884540037 945331299
162707948 568678959
856264504 963215734
647348749 611852426
798954374 132981407
937298764 782038565
755699030 86430529
385301355 483527759
422405801 27704820
543660645 472429961
255168560 334070996
656722244 186241291
676472386 398329566
98348431 2787240
481238399 450379923
692212363 533997187
92172611 552503772
236770032 197755327
665701301 26745426
659353831 810348821
577710077 520321880
461628661 12594751
732567109 268399187
791520892 900170119
751253622 366878430
289084243 536171050
326190711 199600366
227816553 675892204
688075155 460529063
927585478 4636760
57219173 530535493
985430391 334637221
164099679 40489108
335219394 938100132
664174722 526759527
216203411 621948843
125562227 476031904
638056931 724899415
787474097 435915269
651327277 589156902
223475290 551446399
419843886 269113580
30808802 626684744
805230477 769667310
587298695 95725832
541398165 743861417
383567424 655765064
7612908 146902729
871884309 767834427
123623680 266517975
463218341 755321930
654352392 198586844
120197138 183356981
781590158 944702948
752896682 582539287
66645294 543136877
19682657 84827677
246680750 349621300
742887917 858153731
843281761 176242546
166048722 851730806
380406030 451832765
454028752 261157719
693720842 596745495
372140148 408115727
162368911 931283326
610192564 521682628
441761115 941254031
221480960 418271664
944037904 984743543
383022189 507609045
889744907 188393020
405396195 303118935
57148851 491973192
3439912 817074653
966706533 355982808
877672872 358234295
245061485 677152815
326953699 397909788
282208228 696120343
484910400 476307439
664218787 738101132
921963501 55510441
842721008 970545159
270394986 273962198
301820316 434280398
704854681 804242655
999847495 116811818
49462348 152744484
985949135 415726918
593153161 820626035
581153994 672962029
732845330 47865360
832015192 691022725
663396066 819957253
451862730 722095289
555387472 337953247
497110652 515133557
352617084 545864696
532973095 155170432
235220757 396118248
653281551 372907247
45487667 301202707
843317726 558115300
758977878 989317504
872145343 992330335
689449102 883070883
262571385 254315936
708565193 929340062
863744193 377783623
326854507 658632866
672288403 374761356
667251215 495319728
947387690 785939244
601255729 657352999
328736846 980683802
339017695 337599312
358954342 556414343
188768166 690172996
946417535 736457731
703423252 455451819
468921311 56890323
423016049 94183042
106451692 524203051
521663657 615726724
529993223 597277143
893922675 373583077
788720086 393661255
450700701 120095899
444138686 202024168
572660469 349664116
669714257 611636240
832778900 488046370
286911055 820214176
787523336 501016606
63435977 658516801
745389336 703889847
954117495 979838079
671763112 151580007
963914678 261550167
799738394 551751845
596361358 247529842
858983066 304486069
461702796 231278154
865165659 641095757
40148821 85727232
720931296 35015700
889947777 497136116
142855468 567497722
437878251 325436154
581689311 533512664
628470238 252681589
686937969 586084226
529967164 139828833
976071751 787024884
802425126 903449156
639790079 694544350
319961938 322919677
430325693 216288530
704516428 121712048
260022652 433808194
866613397 772146032
119313695 13772551
190305979 956045871
820314167 348519383
111802461 397504756
968089740 817407140
461580800 343277704
868935262 641992216
848312999 720919221
70846492 768145269
634593651 872559637
421816103 710865215
214534140 335430101
348747732 449020505
425503821 633152398
113931545 216198121
803428358 13435403
414434287 647501353
231273929 621469378
882728467 836572491
496437730 359175703
512766061 226803664
420763008 355648825
375749425 232896194
519573801 5798894
352628299 881193171
467012535 981191974
451232397 397939745
760953035 418475732
204686216 826597635
512270573 158916209
621329104 838913006
47689146 752610328
46539476 168261926
147612270 446605965
685193507 208113101
36775481 90209059
861659467 599347237
10461580 212392309
169333606 150196048
222194640 459103272
25468177 670043311
819461319 659949634
540241461 233436090
814377936 155618646
382630781 803956258
674872144 175367784
463609905 982879590
842637166 905428461
675556536 372957883
200882860 745518276
76247469 625161891
447742160 9708419
235733076 39044646
942199271 429325795
506530686 43139659
471575683 245345721
828245283 21928771
402209177 701145577
463128496 154692934
711363624 456394215
13475366 274201531
639114330 815360150
370570265 772143274
862344882 213861424
833393493 430424666
323290776 856489925
75011265 538780595
142287658 10373323
202052560 282412453
416008879 673292107
148611290 778822676
929477088 401920365
530532420 912141096
191838990 268425679
17525154 86194938
323170110 209771954
973365517 945887730
376763710 642705425
134083365 482002266
752289631 718703895
325027802 713447324
941144711 902967603
596435744 581712593
942495057 92518902
485978095 1457020
546180415 441943670
509273307 745493861
327062399 890869516
599027948 790532983
384890570 574597253
891961019 937841440
646578883 422357715
192083533 980863438
773174495 449727322
49684086 966202180
902169761 679749559
677932743 692945919
392604701 686773101
207363945 511135393
681771131 283443877
975840002 115092632
663880581 223579958
228614597 658768344
567111634 63369045
146953566 642060296
3304756 703707530
636313102 347263961
409737137 638757361
206952240 860174125
571154684 531731133
61347346 97140690
401950936 275186608
489008812 350764356
709643814 200970154
892187216 363108206
948579836 528809719
275937675 620080344
790353849 959481325
936767726 427311521
339534272 604072968
333499196 274880381
406976739 537698057
836203022 826735131
374633874 592816248
958490079 270280932
749531925 771568402
897533854 529345896
125138368 121294407
246462106 849495704
833906474 931642453
444418786 886538181
775053888 934247101
819527381 227297681
533657336 899013345
305882061 850582665
701059919 994985060
824295774 908494578
141100577 627925533
846933151 310780878
182205237 922504112
364177596 658356016
801680373 754308011
732694737 948184463
274824278 337776245
704193783 515573761
554677670 262076720
651783990 697802209
975415351 893292797
394797047 931925382
110518250 582075830
746012519 670180954
527982118 766003257
462723620 170210310
914616888 219607722
536889669 945625435
645202128 243209561
132280268 939929974
42160239 60365783
204882542 369830333
490689126 783270646
474545643 561066103
554607193 363876285
330788915 137327300
969644430 109059520
670515984 124710523
651192657 630106707
167303457 84823882
924668706 899978486
509606957 737080455
673073254 452088179
876928360 138130242
351785835 861877943
117256055 5166531
733870426 819884662
44202982 907763985
624684513 81989080
69558226 666011520
855820689 940344776
794311417 109504500
876609179 710310663
335086811 807148677
818832146 664750513
743978277 765347696
787642051 845298545
353627996 651026636
36603297 758918
573700716 44865864
182683783 315031616
673826786 404839893
159133391 662124415
295933340 563571253
556644889 847941086
383787690 905706110
784427785 56940478
624122923 673603996
232172939 144292444
480232381 581572656
704629627 649744813
356578087 775713579
594088840 544641015
259104565 42616775
205432985 839152854
36844739 862354974
678005424 613497647
415661509 807164327
109620959 255980106
168004615 519649658
459747295 250902166
443046596 704413935
862838275 523466213
964745645 800102411
375704586 828160940
180067852 910393996
954880686 618860469
642709380 745071627
240481231 751018345
546386738 757190786
952263172 137052843
747204571 477986864
757626375 929203125
622197391 753535066
558664828 53477455
248522783 355026098
611267399 845420718
209387052 586608204
677757076 36945106
753644984 619912532
253212661 8102762
878398926 87103436
927250681 765497268
206570635 452406697
833034936 719884644
544837799 490969793
987099217 122269203
17915902 703957171
543142064 997601635
306616529 848414269
822756723 766197470
126499180 19884822
167751162 100185263
897970457 510807972
284326471 452420449
190536600 906487237
868903544 114729054
943760161 407838801
435692393 579682307
802436472 754844177
920328704 265308696
291015872 849829135
183872158 753029572
32128031 305962843
770558813 962826413
885929277 538859074
480381507 95347373
184001056 291193294
837349254 793739700
344882444 901081030
354453935 478564424
231521789 767338221
571336513 813387228
436424340 631084307
490405700 604234006
653602529 22622722
60316364 304995772
370975200 460870934
654321122 966005017
508677558 640619342
150987110 639305165
447733064 110631046
961075393 361567313
440591723 504821009
816367951 284407826
115014435 116805903
2504715 425121299
991862213 450849419
24927708 652880964
272064279 500659634
647174303 127693536
972476082 329983980
739370627 520662892
453312840 249008514
259581188 244824460
398926539 510490226
574276907 249525743
230224560 265647870
