100
10
18 43 45 99 49 42 26 73 57 31
10
73 66 79 4 2 9 16 85 66 58
10
95 41 48 32 63 61 37 88 40 88
10
75 35 44 71 36 20 96 84 96 36
10
90 88 25 91 19 59 45 69 11 33
10
23 60 81 87 38 63 35 55 56 52
10
73 51 32 16 7 92 25 72 11 55
10
23 19 34 2 12 91 13 100 60 36
10
94 63 13 62 60 94 84 17 33 48
10
30 21 21 52 75 7 30 36 65 34
10
57 1 99 61 93 59 87 54 6 14
10
12 30 100 97 96 93 34 54 83 6
10
92 51 91 33 85 79 22 70 90 49
10
32 24 35 83 6 38 39 46 81 65
10
46 42 48 75 35 88 17 16 40 10
10
88 22 97 79 6 84 98 72 8 49
10
55 66 40 36 23 54 46 72 22 9
10
90 10 4 46 68 97 76 7 19 19
10
80 71 33 28 67 62 88 47 79 89
10
41 75 85 83 25 4 70 88 55 16
10
2 78 8 13 27 57 69 68 98 89
10
31 39 15 34 99 3 16 40 97 69
10
85 59 76 97 89 76 55 28 36 76
10
6 39 93 92 94 24 1 77 12 32
10
48 96 34 83 71 12 11 93 13 20
10
15 66 42 94 20 31 57 54 29 54
10
3 40 52 86 73 25 35 35 73 2
10
59 48 4 27 48 11 42 14 84 73
10
11 33 81 82 84 45 95 82 89 56
10
75 31 59 9 89 48 33 26 74 83
10
29 1 14 49 6 12 59 78 77 70
10
32 49 83 30 64 50 48 81 58 15
10
53 75 93 22 21 98 80 21 86 98
10
4 65 6 31 79 14 22 47 10 6
10
70 31 24 83 74 51 7 29 57 90
10
40 83 26 48 100 75 24 61 10 54
10
20 7 51 11 39 57 3 20 52 9
10
17 70 57 9 20 53 93 57 27 19
10
52 77 78 89 45 69 59 82 49 24
10
81 64 56 88 34 59 5 50 11 34
10
99 44 38 78 52 7 18 17 74 12
10
2 45 99 75 51 10 71 19 65 92
10
57 79 19 26 11 85 1 42 21 77
10
16 9 15 26 45 91 45 82 70 27
10
17 8 45 57 42 64 43 97 18 60
10
37 33 26 87 8 17 80 40 92 9
10
86 88 75 95 47 34 97 99 47 44
10
40 61 88 62 22 16 69 46 45 93
10
83 15 94 83 75 27 18 74 82 33
10
12 70 55 43 95 22 64 65 45 76
10
99 38 91 43 95 48 99 58 66 93
10
65 79 8 42 72 65 66 100 25 50
10
79 80 10 38 49 63 30 13 24 22
10
86 10 2 80 17 83 23 35 27 12
10
84 98 60 36 1 59 20 23 31 12
10
42 63 34 37 99 62 19 4 31 80
10
7 76 64 5 99 11 30 14 89 84
10
22 40 38 21 48 26 57 86 68 76
10
6 94 37 44 72 17 6 3 10 90
10
55 76 25 99 81 48 14 88 82 63
10
63 64 7 43 88 2 61 11 51 100
10
47 1 79 36 60 93 4 97 90 61
10
79 64 82 44 31 100 64 37 93 82
10
17 77 78 62 90 81 16 33 44 34
10
77 2 40 92 42 16 74 66 62 83
10
9 18 91 43 69 20 6 30 36 84
10
73 85 4 69 72 29 10 94 7 37
10
43 93 51 78 22 52 99 26 86 78
10
37 94 74 52 72 9 4 68 74 81
10
39 46 72 47 54 91 73 71 99 20
10
13 9 43 76 11 2 21 42 22 88
10
99 51 84 37 97 21 6 87 28 27
10
34 51 53 73 49 89 58 11 70 100
10
83 68 45 98 68 23 77 74 65 1
10
83 64 90 80 42 11 56 40 11 61
10
34 95 69 21 36 25 17 34 6 81
10
13 50 20 72 66 91 45 42 9 11
10
20 4 79 60 13 9 63 7 11 97
10
46 26 3 68 25 8 2 19 48 51
10
79 84 70 64 58 21 49 77 4 75
10
35 90 69 47 87 26 96 22 30 69
10
62 76 88 12 98 97 19 82 47 6
10
88 31 83 8 5 26 78 23 91 48
10
22 32 56 86 19 26 90 78 6 37
10
23 96 53 50 80 17 2 89 75 23
10
61 34 80 10 80 82 13 57 70 36
10
89 66 35 39 12 47 8 49 79 30
10
98 28 28 99 88 82 37 16 4 78
10
41 72 63 45 11 99 26 9 13 84
10
30 25 38 5 71 81 10 81 6 6
10
78 96 63 20 31 33 33 69 26 76
10
71 87 99 99 23 98 55 44 16 67
10
71 94 76 59 41 77 47 35 93 48
10
63 1 92 21 5 18 86 31 85 50
10
14 19 81 24 23 87 81 40 67 43
10
98 45 1 84 90 77 60 74 98 27
10
88 86 18 97 65 11 90 35 47 62
10
84 1 17 86 61 47 76 62 45 6
10
89 59 72 64 20 23 52 67 75 97
10
40 69 75 99 74 34 47 65 3 51
